Współczynniki estymowanego rozwinięcia 2*sin(x) w wielomian:
a0 = 1.36366e-07
a1 = 2
a2 = -3.06655e-06
a3 = -0.333338
a4 = 3.85036e-05 
a5 = 0.0166888 
a6 = -0.000150838 
a7 = -0.000431355 
a8 = 0.000221828 
a9 = 2.24153e-05 
a10 = -0.000106325
